
        8         1         7  |         49         3        29  |          2        26         5 
       23        23         6  |        158     12578      1257  |          9         4      1378 
     2349       234        45  |      14589   1245789         6  |        128     12378      1378 
	-----------------------------------------------------------------------------------------------
     1467         5         9  |          2        16         1  |          3       168      1468 
     1346       346        14  |          7      1569         8  |        124      1269      1469 
      136       368         2  |        139       169         4  |          7         5      1689 
	-----------------------------------------------------------------------------------------------
     1247      2478       148  |          6   1245789    123579  |       1458     13789    134789 
    12467         9         3  |       1458    124578      1257  |       1458       178      1478 
        5       478       148  |      13489     14789      1379  |          6     13789         2 
